{
  "palabras": [
    "arranca",
    "almacen",
    "base",
    "recoge",
    "suelo",
    "mira",
    "izquierda",
    "grua",
    "freno",
    "entrega"
  ],
  "nota": "Si el proyecto usa 5 palabras, la matriz de confusión correcta es 5x5. Si pidieran 10 palabras, cambiar PALABRAS a 10 clases.",
  "diagonalidad_A": {
    "arranca": {
      "A": [
        [
          0.9343544857768052,
          0.06564551422319476,
          0.0,
          0.0,
          0.0
        ],
        [
          0.0,
          0.9337748344370861,
          0.06622516556291391,
          0.0,
          0.0
        ],
        [
          0.0,
          0.0,
          0.9330357142857143,
          0.06696428571428571,
          0.0
        ],
        [
          0.0,
          0.0,
          0.0,
          0.9322799097065463,
          0.06772009029345372
        ],
        [
          0.0,
          0.0,
          0.0,
          0.0,
          1.0
        ]
      ],
      "masa_permitida_diagonal_superdiagonal": 5.0,
      "masa_prohibida_fuera_de_bakis": 0.0,
      "cumple_bakis": true
    },
    "almacen": {
      "A": [
        [
          0.9310344827586207,
          0.06896551724137931,
          0.0,
          0.0,
          0.0
        ],
        [
          0.0,
          0.9303944315545244,
          0.06960556844547564,
          0.0,
          0.0
        ],
        [
          0.0,
          0.0,
          0.9290780141843972,
          0.07092198581560284,
          0.0
        ],
        [
          0.0,
          0.0,
          0.0,
          0.927710843373494,
          0.07228915662650602
        ],
        [
          0.0,
          0.0,
          0.0,
          0.0,
          1.0
        ]
      ],
      "masa_permitida_diagonal_superdiagonal": 5.0,
      "masa_prohibida_fuera_de_bakis": 0.0,
      "cumple_bakis": true
    },
    "base": {
      "A": [
        [
          0.9104477611940298,
          0.08955223880597016,
          0.0,
          0.0,
          0.0
        ],
        [
          0.0,
          0.9096385542168675,
          0.09036144578313253,
          0.0,
          0.0
        ],
        [
          0.0,
          0.0,
          0.9076923076923077,
          0.0923076923076923,
          0.0
        ],
        [
          0.0,
          0.0,
          0.0,
          0.9065420560747663,
          0.09345794392523366
        ],
        [
          0.0,
          0.0,
          0.0,
          0.0,
          1.0
        ]
      ],
      "masa_permitida_diagonal_superdiagonal": 5.0,
      "masa_prohibida_fuera_de_bakis": 0.0,
      "cumple_bakis": true
    },
    "recoge": {
      "A": [
        [
          0.9381443298969072,
          0.06185567010309278,
          0.0,
          0.0,
          0.0
        ],
        [
          0.0,
          0.9376299376299376,
          0.06237006237006237,
          0.0,
          0.0
        ],
        [
          0.0,
          0.0,
          0.9369747899159664,
          0.06302521008403361,
          0.0
        ],
        [
          0.0,
          0.0,
          0.0,
          0.9358974358974359,
          0.06410256410256411
        ],
        [
          0.0,
          0.0,
          0.0,
          0.0,
          1.0
        ]
      ],
      "masa_permitida_diagonal_superdiagonal": 5.0,
      "masa_prohibida_fuera_de_bakis": 0.0,
      "cumple_bakis": true
    },
    "suelo": {
      "A": [
        [
          0.9186991869918699,
          0.08130081300813008,
          0.0,
          0.0,
          0.0
        ],
        [
          0.0,
          0.9175824175824175,
          0.08241758241758242,
          0.0,
          0.0
        ],
        [
          0.0,
          0.0,
          0.9166666666666666,
          0.08333333333333333,
          0.0
        ],
        [
          0.0,
          0.0,
          0.0,
          0.9154929577464789,
          0.08450704225352113
        ],
        [
          0.0,
          0.0,
          0.0,
          0.0,
          1.0
        ]
      ],
      "masa_permitida_diagonal_superdiagonal": 5.0,
      "masa_prohibida_fuera_de_bakis": 0.0,
      "cumple_bakis": true
    },
    "mira": {
      "A": [
        [
          0.9096385542168675,
          0.09036144578313253,
          0.0,
          0.0,
          0.0
        ],
        [
          0.0,
          0.9079754601226994,
          0.09202453987730061,
          0.0,
          0.0
        ],
        [
          0.0,
          0.0,
          0.9056603773584906,
          0.09433962264150944,
          0.0
        ],
        [
          0.0,
          0.0,
          0.0,
          0.9047619047619048,
          0.09523809523809523
        ],
        [
          0.0,
          0.0,
          0.0,
          0.0,
          1.0
        ]
      ],
      "masa_permitida_diagonal_superdiagonal": 5.0,
      "masa_prohibida_fuera_de_bakis": 0.0,
      "cumple_bakis": true
    },
    "izquierda": {
      "A": [
        [
          0.930715935334873,
          0.06928406466512702,
          0.0,
          0.0,
          0.0
        ],
        [
          0.0,
          0.9290780141843972,
          0.07092198581560284,
          0.0,
          0.0
        ],
        [
          0.0,
          0.0,
          0.9284009546539379,
          0.07159904534606205,
          0.0
        ],
        [
          0.0,
          0.0,
          0.0,
          0.927360774818402,
          0.07263922518159806
        ],
        [
          0.0,
          0.0,
          0.0,
          0.0,
          1.0
        ]
      ],
      "masa_permitida_diagonal_superdiagonal": 5.0,
      "masa_prohibida_fuera_de_bakis": 0.0,
      "cumple_bakis": true
    },
    "grua": {
      "A": [
        [
          0.9135446685878963,
          0.08645533141210375,
          0.0,
          0.0,
          0.0
        ],
        [
          0.0,
          0.911504424778761,
          0.08849557522123894,
          0.0,
          0.0
        ],
        [
          0.0,
          0.0,
          0.9104477611940298,
          0.08955223880597016,
          0.0
        ],
        [
          0.0,
          0.0,
          0.0,
          0.9090909090909091,
          0.09090909090909091
        ],
        [
          0.0,
          0.0,
          0.0,
          0.0,
          1.0
        ]
      ],
      "masa_permitida_diagonal_superdiagonal": 5.0,
      "masa_prohibida_fuera_de_bakis": 0.0,
      "cumple_bakis": true
    },
    "freno": {
      "A": [
        [
          0.9003322259136213,
          0.09966777408637874,
          0.0,
          0.0,
          0.0
        ],
        [
          0.0,
          0.8976109215017065,
          0.10238907849829351,
          0.0,
          0.0
        ],
        [
          0.0,
          0.0,
          0.8951048951048951,
          0.1048951048951049,
          0.0
        ],
        [
          0.0,
          0.0,
          0.0,
          0.8932384341637011,
          0.10676156583629892
        ],
        [
          0.0,
          0.0,
          0.0,
          0.0,
          1.0
        ]
      ],
      "masa_permitida_diagonal_superdiagonal": 5.0,
      "masa_prohibida_fuera_de_bakis": 0.0,
      "cumple_bakis": true
    },
    "entrega": {
      "A": [
        [
          0.927007299270073,
          0.07299270072992702,
          0.0,
          0.0,
          0.0
        ],
        [
          0.0,
          0.9259259259259259,
          0.07407407407407407,
          0.0,
          0.0
        ],
        [
          0.0,
          0.0,
          0.924812030075188,
          0.07518796992481203,
          0.0
        ],
        [
          0.0,
          0.0,
          0.0,
          0.9242424242424242,
          0.07575757575757576
        ],
        [
          0.0,
          0.0,
          0.0,
          0.0,
          1.0
        ]
      ],
      "masa_permitida_diagonal_superdiagonal": 5.0,
      "masa_prohibida_fuera_de_bakis": 0.0,
      "cumple_bakis": true
    }
  },
  "sparsity_B_estado1": {
    "arranca": {
      "top_indices_estado1": [
        189,
        114,
        206,
        195,
        225,
        95,
        120,
        65,
        94,
        33
      ],
      "top_probabilidades_estado1": [
        0.05251638414837126,
        0.0481400189850222,
        0.04595183640334768,
        0.04595183640334768,
        0.043763653821673146,
        0.03938728865832409,
        0.037199106076649564,
        0.03501092349497503,
        0.030634558331625976,
        0.030634558331625976
      ],
      "num_simbolos_casi_cero": 168,
      "porcentaje_simbolos_casi_cero": 65.625,
      "umbral_casi_cero": 1e-05
    },
    "almacen": {
      "top_indices_estado1": [
        138,
        15,
        28,
        52,
        147,
        42,
        125,
        206,
        126,
        94
      ],
      "top_probabilidades_estado1": [
        0.08505742350643583,
        0.06896547895364918,
        0.062068931288169184,
        0.03678158984807587,
        0.03678158984807587,
        0.03678158984807587,
        0.034482740626249196,
        0.032183891404422536,
        0.032183891404422536,
        0.02988504218259587
      ],
      "num_simbolos_casi_cero": 176,
      "porcentaje_simbolos_casi_cero": 68.75,
      "umbral_casi_cero": 1e-05
    },
    "base": {
      "top_indices_estado1": [
        92,
        165,
        206,
        23,
        96,
        113,
        31,
        217,
        60,
        12
      ],
      "top_probabilidades_estado1": [
        0.09552231804861663,
        0.06865666693699482,
        0.05373130520831602,
        0.04179101582537297,
        0.04179101582537297,
        0.0328357987881657,
        0.0328357987881657,
        0.0328357987881657,
        0.029850726442429937,
        0.026865654096694176
      ],
      "num_simbolos_casi_cero": 184,
      "porcentaje_simbolos_casi_cero": 71.875,
      "umbral_casi_cero": 1e-05
    },
    "recoge": {
      "top_indices_estado1": [
        41,
        120,
        49,
        92,
        173,
        140,
        206,
        164,
        64,
        251
      ],
      "top_probabilidades_estado1": [
        0.07835047616964559,
        0.05154636660645393,
        0.05154636660645393,
        0.04536080286110201,
        0.03917523911575009,
        0.03917523911575009,
        0.035051529952182144,
        0.03092782078861419,
        0.028865966206830216,
        0.024742257043262265
      ],
      "num_simbolos_casi_cero": 173,
      "porcentaje_simbolos_casi_cero": 67.578125,
      "umbral_casi_cero": 1e-05
    },
    "suelo": {
      "top_indices_estado1": [
        190,
        158,
        174,
        107,
        9,
        164,
        155,
        14,
        12,
        49
      ],
      "top_probabilidades_estado1": [
        0.11382106195611963,
        0.10027093585539411,
        0.07046065843379797,
        0.05149048189278222,
        0.05149048189278222,
        0.040650381012201794,
        0.03794035579205669,
        0.035230330571911585,
        0.035230330571911585,
        0.035230330571911585
      ],
      "num_simbolos_casi_cero": 203,
      "porcentaje_simbolos_casi_cero": 79.296875,
      "umbral_casi_cero": 1e-05
    },
    "mira": {
      "top_indices_estado1": [
        64,
        9,
        12,
        29,
        62,
        27,
        249,
        78,
        164,
        96
      ],
      "top_probabilidades_estado1": [
        0.07530114976778815,
        0.0602409204166397,
        0.0602409204166397,
        0.0602409204166397,
        0.0602409204166397,
        0.054216828676180315,
        0.04216864519526154,
        0.04216864519526154,
        0.039156599325031856,
        0.036144553454802164
      ],
      "num_simbolos_casi_cero": 201,
      "porcentaje_simbolos_casi_cero": 78.515625,
      "umbral_casi_cero": 1e-05
    },
    "izquierda": {
      "top_indices_estado1": [
        196,
        234,
        156,
        210,
        169,
        15,
        164,
        49,
        28,
        249
      ],
      "top_probabilidades_estado1": [
        0.07159349346897385,
        0.06697455855545731,
        0.06466509109869904,
        0.06235562364194077,
        0.06235562364194077,
        0.0600461561851825,
        0.04157041653111633,
        0.03464201416084152,
        0.03233254670408325,
        0.027713611790566705
      ],
      "num_simbolos_casi_cero": 197,
      "porcentaje_simbolos_casi_cero": 76.953125,
      "umbral_casi_cero": 1e-05
    },
    "grua": {
      "top_indices_estado1": [
        15,
        28,
        94,
        206,
        49,
        12,
        251,
        92,
        33,
        64
      ],
      "top_probabilidades_estado1": [
        0.05187316345956818,
        0.05187316345956818,
        0.04899132120525008,
        0.04899132120525008,
        0.04610947895093197,
        0.04034579444229575,
        0.03458210993365954,
        0.03170026767934143,
        0.03170026767934143,
        0.02881842542502332
      ],
      "num_simbolos_casi_cero": 174,
      "porcentaje_simbolos_casi_cero": 67.96875,
      "umbral_casi_cero": 1e-05
    },
    "freno": {
      "top_indices_estado1": [
        58,
        43,
        159,
        203,
        126,
        81,
        15,
        217,
        94,
        7
      ],
      "top_probabilidades_estado1": [
        0.146179280990379,
        0.10963446157334832,
        0.0631228732244002,
        0.05315610429248274,
        0.04651159167120444,
        0.029900310118008675,
        0.026578053807369523,
        0.026578053807369523,
        0.026578053807369523,
        0.023255797496730374
      ],
      "num_simbolos_casi_cero": 196,
      "porcentaje_simbolos_casi_cero": 76.5625,
      "umbral_casi_cero": 1e-05
    },
    "entrega": {
      "top_indices_estado1": [
        8,
        49,
        105,
        64,
        9,
        195,
        206,
        120,
        202,
        94
      ],
      "top_probabilidades_estado1": [
        0.08759118875098706,
        0.05839412664502089,
        0.04379559559203779,
        0.03892941857437676,
        0.03649633006554624,
        0.03406324155671572,
        0.03163015304788521,
        0.03163015304788521,
        0.03163015304788521,
        0.029197064539054695
      ],
      "num_simbolos_casi_cero": 182,
      "porcentaje_simbolos_casi_cero": 71.09375,
      "umbral_casi_cero": 1e-05
    }
  },
  "archivo_verificacion_A": "verificacion_diagonalidad_A.csv",
  "archivo_verificacion_B": "verificacion_sparsity_B_estado1.csv"
}