{
  "palabras": [
    "arranca",
    "almacen",
    "base",
    "recoge",
    "suelo",
    "mira",
    "izquierda",
    "grua",
    "freno",
    "entrega"
  ],
  "nota": "Si el proyecto usa 5 palabras, la matriz de confusión correcta es 5x5. Si pidieran 10 palabras, cambiar PALABRAS a 10 clases.",
  "diagonalidad_A": {
    "arranca": {
      "A": [
        [
          0.9442896935933147,
          0.05571030640668524,
          0.0,
          0.0,
          0.0
        ],
        [
          0.0,
          0.9438990182328191,
          0.05610098176718093,
          0.0,
          0.0
        ],
        [
          0.0,
          0.0,
          0.9434229137199435,
          0.056577086280056574,
          0.0
        ],
        [
          0.0,
          0.0,
          0.0,
          0.9421965317919075,
          0.057803468208092484
        ],
        [
          0.0,
          0.0,
          0.0,
          0.0,
          1.0
        ]
      ],
      "masa_permitida_diagonal_superdiagonal": 5.0,
      "masa_prohibida_fuera_de_bakis": 0.0,
      "cumple_bakis": true
    },
    "almacen": {
      "A": [
        [
          0.937791601866252,
          0.06220839813374806,
          0.0,
          0.0,
          0.0
        ],
        [
          0.0,
          0.9375,
          0.0625,
          0.0,
          0.0
        ],
        [
          0.0,
          0.0,
          0.9365079365079365,
          0.06349206349206349,
          0.0
        ],
        [
          0.0,
          0.0,
          0.0,
          0.9347471451876019,
          0.06525285481239805
        ],
        [
          0.0,
          0.0,
          0.0,
          0.0,
          1.0
        ]
      ],
      "masa_permitida_diagonal_superdiagonal": 5.0,
      "masa_prohibida_fuera_de_bakis": 0.0,
      "cumple_bakis": true
    },
    "base": {
      "A": [
        [
          0.9306759098786829,
          0.06932409012131716,
          0.0,
          0.0,
          0.0
        ],
        [
          0.0,
          0.9299474605954466,
          0.07005253940455342,
          0.0,
          0.0
        ],
        [
          0.0,
          0.0,
          0.9293286219081273,
          0.0706713780918728,
          0.0
        ],
        [
          0.0,
          0.0,
          0.0,
          0.927797833935018,
          0.07220216606498195
        ],
        [
          0.0,
          0.0,
          0.0,
          0.0,
          1.0
        ]
      ],
      "masa_permitida_diagonal_superdiagonal": 5.0,
      "masa_prohibida_fuera_de_bakis": 0.0,
      "cumple_bakis": true
    },
    "recoge": {
      "A": [
        [
          0.9453551912568307,
          0.0546448087431694,
          0.0,
          0.0,
          0.0
        ],
        [
          0.0,
          0.9449035812672176,
          0.05509641873278237,
          0.0,
          0.0
        ],
        [
          0.0,
          0.0,
          0.9445983379501385,
          0.055401662049861494,
          0.0
        ],
        [
          0.0,
          0.0,
          0.0,
          0.9432624113475178,
          0.05673758865248227
        ],
        [
          0.0,
          0.0,
          0.0,
          0.0,
          1.0
        ]
      ],
      "masa_permitida_diagonal_superdiagonal": 5.0,
      "masa_prohibida_fuera_de_bakis": 0.0,
      "cumple_bakis": true
    },
    "suelo": {
      "A": [
        [
          0.9309153713298791,
          0.0690846286701209,
          0.0,
          0.0,
          0.0
        ],
        [
          0.0,
          0.929701230228471,
          0.070298769771529,
          0.0,
          0.0
        ],
        [
          0.0,
          0.0,
          0.9292035398230089,
          0.07079646017699115,
          0.0
        ],
        [
          0.0,
          0.0,
          0.0,
          0.927797833935018,
          0.07220216606498195
        ],
        [
          0.0,
          0.0,
          0.0,
          0.0,
          1.0
        ]
      ],
      "masa_permitida_diagonal_superdiagonal": 5.0,
      "masa_prohibida_fuera_de_bakis": 0.0,
      "cumple_bakis": true
    },
    "mira": {
      "A": [
        [
          0.933993399339934,
          0.066006600660066,
          0.0,
          0.0,
          0.0
        ],
        [
          0.0,
          0.9333333333333333,
          0.06666666666666667,
          0.0,
          0.0
        ],
        [
          0.0,
          0.0,
          0.9326599326599326,
          0.06734006734006734,
          0.0
        ],
        [
          0.0,
          0.0,
          0.0,
          0.9306759098786829,
          0.06932409012131716
        ],
        [
          0.0,
          0.0,
          0.0,
          0.0,
          1.0
        ]
      ],
      "masa_permitida_diagonal_superdiagonal": 5.0,
      "masa_prohibida_fuera_de_bakis": 0.0,
      "cumple_bakis": true
    },
    "izquierda": {
      "A": [
        [
          0.937791601866252,
          0.06220839813374806,
          0.0,
          0.0,
          0.0
        ],
        [
          0.0,
          0.9368088467614534,
          0.06319115323854661,
          0.0,
          0.0
        ],
        [
          0.0,
          0.0,
          0.9357945425361156,
          0.06420545746388444,
          0.0
        ],
        [
          0.0,
          0.0,
          0.0,
          0.934640522875817,
          0.06535947712418301
        ],
        [
          0.0,
          0.0,
          0.0,
          0.0,
          1.0
        ]
      ],
      "masa_permitida_diagonal_superdiagonal": 5.0,
      "masa_prohibida_fuera_de_bakis": 0.0,
      "cumple_bakis": true
    },
    "grua": {
      "A": [
        [
          0.927536231884058,
          0.07246376811594203,
          0.0,
          0.0,
          0.0
        ],
        [
          0.0,
          0.926605504587156,
          0.07339449541284404,
          0.0,
          0.0
        ],
        [
          0.0,
          0.0,
          0.9257884972170687,
          0.07421150278293136,
          0.0
        ],
        [
          0.0,
          0.0,
          0.0,
          0.9242424242424242,
          0.07575757575757576
        ],
        [
          0.0,
          0.0,
          0.0,
          0.0,
          1.0
        ]
      ],
      "masa_permitida_diagonal_superdiagonal": 5.0,
      "masa_prohibida_fuera_de_bakis": 0.0,
      "cumple_bakis": true
    },
    "freno": {
      "A": [
        [
          0.9164926931106472,
          0.08350730688935282,
          0.0,
          0.0,
          0.0
        ],
        [
          0.0,
          0.9150743099787686,
          0.08492569002123142,
          0.0,
          0.0
        ],
        [
          0.0,
          0.0,
          0.9141630901287554,
          0.08583690987124463,
          0.0
        ],
        [
          0.0,
          0.0,
          0.0,
          0.9120879120879121,
          0.08791208791208792
        ],
        [
          0.0,
          0.0,
          0.0,
          0.0,
          1.0
        ]
      ],
      "masa_permitida_diagonal_superdiagonal": 5.0,
      "masa_prohibida_fuera_de_bakis": 0.0,
      "cumple_bakis": true
    },
    "entrega": {
      "A": [
        [
          0.9344262295081968,
          0.06557377049180328,
          0.0,
          0.0,
          0.0
        ],
        [
          0.0,
          0.9335548172757475,
          0.06644518272425248,
          0.0,
          0.0
        ],
        [
          0.0,
          0.0,
          0.9327731092436975,
          0.06722689075630252,
          0.0
        ],
        [
          0.0,
          0.0,
          0.0,
          0.9318568994889268,
          0.06814310051107325
        ],
        [
          0.0,
          0.0,
          0.0,
          0.0,
          1.0
        ]
      ],
      "masa_permitida_diagonal_superdiagonal": 5.0,
      "masa_prohibida_fuera_de_bakis": 0.0,
      "cumple_bakis": true
    }
  },
  "sparsity_B_estado1": {
    "arranca": {
      "top_indices_estado1": [
        194,
        57,
        211,
        14,
        74,
        23,
        142,
        237,
        254,
        148
      ],
      "top_probabilidades_estado1": [
        0.047353744954653616,
        0.0362116876459721,
        0.032033416155216536,
        0.026462387500875775,
        0.025069630337290583,
        0.025069630337290583,
        0.023676873173705395,
        0.022284116010120203,
        0.022284116010120203,
        0.019498601682949823
      ],
      "num_simbolos_casi_cero": 144,
      "porcentaje_simbolos_casi_cero": 56.25,
      "umbral_casi_cero": 1e-05
    },
    "almacen": {
      "top_indices_estado1": [
        36,
        33,
        178,
        237,
        82,
        14,
        164,
        234,
        53,
        236
      ],
      "top_probabilidades_estado1": [
        0.059097956253379796,
        0.043545862911755995,
        0.03421460690678171,
        0.03110418823845695,
        0.027993769570132186,
        0.027993769570132186,
        0.026438560235969806,
        0.026438560235969806,
        0.023328141567645042,
        0.023328141567645042
      ],
      "num_simbolos_casi_cero": 156,
      "porcentaje_simbolos_casi_cero": 60.9375,
      "umbral_casi_cero": 1e-05
    },
    "base": {
      "top_indices_estado1": [
        157,
        199,
        217,
        25,
        87,
        145,
        97,
        215,
        110,
        246
      ],
      "top_probabilidades_estado1": [
        0.05025994477201758,
        0.04506064031971591,
        0.03986133586741425,
        0.0381282343833137,
        0.025996523994609808,
        0.025996523994609808,
        0.025996523994609808,
        0.025996523994609808,
        0.024263422510509253,
        0.024263422510509253
      ],
      "num_simbolos_casi_cero": 147,
      "porcentaje_simbolos_casi_cero": 57.421875,
      "umbral_casi_cero": 1e-05
    },
    "recoge": {
      "top_indices_estado1": [
        134,
        14,
        210,
        163,
        231,
        80,
        215,
        138,
        140,
        144
      ],
      "top_probabilidades_estado1": [
        0.03278687514557373,
        0.03278687514557373,
        0.028688515923141977,
        0.028688515923141977,
        0.027322396182331395,
        0.027322396182331395,
        0.02595627644152081,
        0.024590156700710228,
        0.024590156700710228,
        0.024590156700710228
      ],
      "num_simbolos_casi_cero": 140,
      "porcentaje_simbolos_casi_cero": 54.6875,
      "umbral_casi_cero": 1e-05
    },
    "suelo": {
      "top_indices_estado1": [
        56,
        223,
        204,
        201,
        75,
        152,
        242,
        171,
        234,
        190
      ],
      "top_probabilidades_estado1": [
        0.084628634430172,
        0.07253882975830671,
        0.06390325499268865,
        0.04317787555520529,
        0.037996530695834446,
        0.037996530695834446,
        0.03281518583646361,
        0.027633840977092768,
        0.027633840977092768,
        0.02590672602396915
      ],
      "num_simbolos_casi_cero": 180,
      "porcentaje_simbolos_casi_cero": 70.3125,
      "umbral_casi_cero": 1e-05
    },
    "mira": {
      "top_indices_estado1": [
        242,
        130,
        234,
        127,
        144,
        106,
        246,
        254,
        241,
        215
      ],
      "top_probabilidades_estado1": [
        0.06435641010686306,
        0.05115509555164281,
        0.04950493123224028,
        0.04290427395463015,
        0.03300328803821496,
        0.029702959399409895,
        0.029702959399409895,
        0.029702959399409895,
        0.029702959399409895,
        0.026402630760604832
      ],
      "num_simbolos_casi_cero": 184,
      "porcentaje_simbolos_casi_cero": 71.875,
      "umbral_casi_cero": 1e-05
    },
    "izquierda": {
      "top_indices_estado1": [
        160,
        120,
        36,
        250,
        220,
        245,
        255,
        38,
        32,
        24
      ],
      "top_probabilidades_estado1": [
        0.10419902694408884,
        0.08398130559997788,
        0.06998442159251646,
        0.05132190958256789,
        0.04976670024840551,
        0.040435444243431234,
        0.038880234909268854,
        0.03265939757261933,
        0.026438560235969806,
        0.026438560235969806
      ],
      "num_simbolos_casi_cero": 179,
      "porcentaje_simbolos_casi_cero": 69.921875,
      "umbral_casi_cero": 1e-05
    },
    "grua": {
      "top_indices_estado1": [
        36,
        242,
        199,
        144,
        201,
        191,
        226,
        69,
        14,
        78
      ],
      "top_probabilidades_estado1": [
        0.06521736287020853,
        0.047101429242815435,
        0.045289835880076124,
        0.0416666491545975,
        0.0416666491545975,
        0.03985505579185819,
        0.03623186906637957,
        0.03079708897816164,
        0.027173902252683017,
        0.027173902252683017
      ],
      "num_simbolos_casi_cero": 151,
      "porcentaje_simbolos_casi_cero": 58.984375,
      "umbral_casi_cero": 1e-05
    },
    "freno": {
      "top_indices_estado1": [
        52,
        21,
        11,
        241,
        205,
        215,
        75,
        236,
        193,
        207
      ],
      "top_probabilidades_estado1": [
        0.10647176146811914,
        0.06471813033853578,
        0.043841314773744096,
        0.033402906991348257,
        0.033402906991348257,
        0.025052180765431576,
        0.025052180765431576,
        0.025052180765431576,
        0.022964499208952407,
        0.022964499208952407
      ],
      "num_simbolos_casi_cero": 167,
      "porcentaje_simbolos_casi_cero": 65.234375,
      "umbral_casi_cero": 1e-05
    },
    "entrega": {
      "top_indices_estado1": [
        130,
        69,
        225,
        70,
        171,
        26,
        216,
        164,
        50,
        144
      ],
      "top_probabilidades_estado1": [
        0.04098359099705035,
        0.03770490384843381,
        0.03442621669981727,
        0.031147529551200724,
        0.027868842402584183,
        0.027868842402584183,
        0.027868842402584183,
        0.027868842402584183,
        0.024590155253967638,
        0.024590155253967638
      ],
      "num_simbolos_casi_cero": 147,
      "porcentaje_simbolos_casi_cero": 57.421875,
      "umbral_casi_cero": 1e-05
    }
  },
  "archivo_verificacion_A": "verificacion_diagonalidad_A.csv",
  "archivo_verificacion_B": "verificacion_sparsity_B_estado1.csv"
}